3.088392000000000116e+05 5.466245450000000186e+06
3.088368033333333442e+05 5.466221333333333023e+06
3.088344066666666768e+05 5.466197216666666791e+06
3.088320100000000093e+05 5.466173099999999627e+06
3.088656699999999837e+05 5.466240530000000261e+06
3.088628399999999674e+05 5.466216724444444291e+06
3.088600100000000093e+05 5.466192918888889253e+06
3.088571799999999930e+05 5.466169113333333284e+06
3.088921400000000140e+05 5.466235610000000335e+06
3.088888766666667070e+05 5.466212115555555560e+06
3.088856133333333419e+05 5.466188621111110784e+06
3.088823500000000349e+05 5.466165126666666009e+06
3.089186099999999860e+05 5.466230690000000410e+06
3.089149133333333302e+05 5.466207506666666828e+06
3.089112166666666744e+05 5.466184323333333246e+06
3.089075200000000186e+05 5.466161139999999665e+06
