3.094795300000000279e+05 5.466690280000000261e+06
3.094780599999999977e+05 5.466669616666667163e+06
3.094765900000000256e+05 5.466648953333333135e+06
3.094751199999999953e+05 5.466628290000000037e+06
3.095037500000000000e+05 5.466689063333333470e+06
3.095023400000000256e+05 5.466668334444444627e+06
3.095009299999999930e+05 5.466647605555555783e+06
3.094995200000000186e+05 5.466626876666666940e+06
3.095279700000000303e+05 5.466687846666666679e+06
3.095266199999999953e+05 5.466667052222222090e+06
3.095252700000000186e+05 5.466646257777777500e+06
3.095239199999999837e+05 5.466625463333332911e+06
3.095521900000000023e+05 5.466686629999999888e+06
3.095509000000000233e+05 5.466665769999999553e+06
3.095496099999999860e+05 5.466644910000000149e+06
3.095483200000000070e+05 5.466624049999999814e+06
