3.092749600000000210e+05 5.466479330000000075e+06
3.092743471428571502e+05 5.466464508571428247e+06
3.092737342857142794e+05 5.466449687142857350e+06
3.092731214285714086e+05 5.466434865714285523e+06
3.092725085714285960e+05 5.466420044285714626e+06
3.092718957142857253e+05 5.466405222857142799e+06
3.092712828571428545e+05 5.466390401428571902e+06
3.092706699999999837e+05 5.466375580000000075e+06
3.092914600000000210e+05 5.466474759999999776e+06
3.092912271428571548e+05 5.466459924285714515e+06
3.092909942857142887e+05 5.466445088571428321e+06
3.092907614285714226e+05 5.466430252857143059e+06
3.092905285714286147e+05 5.466415417142856866e+06
3.092902957142857485e+05 5.466400581428571604e+06
3.092900628571428824e+05 5.466385745714285411e+06
3.092898300000000163e+05 5.466370910000000149e+06
