308865 5466184
308865.26699145 5466192.49580506
308865.53398290 5466200.99161153
308865.80097436 5466209.48741729
308871.29689133 5466183.80211222
308871.56388278 5466192.29791798
308871.83087423 5466200.79372375
308872.09786569 5466209.28952951
308877.59378266 5466183.60422444
308877.86077411 5466192.1000302 
308878.12776556 5466200.59583596
308878.39475702 5466209.09164173
308883.89067399 5466183.40633665
308884.15766544 5466191.90214242
308884.42465690 5466200.39794818
308884.69164835 5466208.89375394
