3.092363900000000140e+05 5.466290190000000410e+06
3.092247299999999814e+05 5.466280610000000335e+06
3.092561771428571665e+05 5.466290070000000298e+06
3.092449828571428661e+05 5.466280187142857350e+06
3.092759642857143190e+05 5.466289950000000186e+06
3.092652357142856927e+05 5.466279764285714366e+06
3.092957514285714715e+05 5.466289830000000075e+06
3.092854885714285774e+05 5.466279341428571381e+06
3.093155385714285658e+05 5.466289709999999963e+06
3.093057414285714040e+05 5.466278918571429327e+06
3.093353257142857183e+05 5.466289589999999851e+06
3.093259942857142887e+05 5.466278495714286342e+06
3.093551128571428708e+05 5.466289469999999739e+06
3.093462471428571153e+05 5.466278072857143357e+06
3.093749000000000233e+05 5.466289349999999627e+06
3.093665000000000000e+05 5.466277650000000373e+06
