3.096975700000000070e+05 5.466377490000000224e+06
3.096980266666666721e+05 5.466361883333333768e+06
3.096984833333333372e+05 5.466346276666666381e+06
3.096989400000000023e+05 5.466330669999999925e+06
3.097153833333333605e+05 5.466378070000000298e+06
3.097157844444444636e+05 5.466362314444445074e+06
3.097161855555555667e+05 5.466346558888888918e+06
3.097165866666666698e+05 5.466330803333333693e+06
3.097331966666666558e+05 5.466378650000000373e+06
3.097335422222221969e+05 5.466362745555555448e+06
3.097338877777777961e+05 5.466346841111111455e+06
3.097342333333333372e+05 5.466330936666666530e+06
3.097510100000000093e+05 5.466379230000000447e+06
3.097512999999999884e+05 5.466363176666666754e+06
3.097515900000000256e+05 5.466347123333333991e+06
3.097518800000000047e+05 5.466331070000000298e+06
