309417.82279479800 5466334.850592253
309418.08978625014 5466343.346398017
309418.35677770228 5466351.842203781
309418.62376915448 5466360.338009544
309418.89076060662 5466368.833815307
309419.15775205882 5466377.329621070
309419.42474351096 5466385.825426833
309419.69173496310 5466394.321232596
309419.95872641529 5466402.817038359
309420.22571786743 5466411.312844123
309420.49270931963 5466419.808649885
309420.75970077177 5466428.304455649
309421.02669222397 5466436.800261412
309421.29368367611 5466445.296067175
309421.56067512825 5466453.791872938
309421.82766658044 5466462.287678701
309422.09465803258 5466470.783484465
309422.36164948478 5466479.279290227
309422.62864093692 5466487.775095991
309422.89563238912 5466496.270901754
309423.16262384126 5466504.766707516
309423.42961529340 5466513.262513280
309423.69660674554 5466521.758319044
309424.11968612828 5466334.652704473
309424.38667758042 5466343.148510235
309424.65366903262 5466351.644315998
309424.92066048476 5466360.140121762
309425.18765193695 5466368.635927524
309425.45464338909 5466377.131733288
309425.72163484123 5466385.627539051
309425.98862629343 5466394.123344814
309426.25561774557 5466402.619150577
309426.52260919777 5466411.114956340
309426.78960064991 5466419.610762103
309427.05659210210 5466428.106567866
309427.32358355424 5466436.602373630
309427.59057500638 5466445.098179393
309427.85756645858 5466453.593985156
309428.12455791072 5466462.089790919
309428.39154936292 5466470.585596682
309428.65854081506 5466479.081402445
309428.92553226725 5466487.577208208
309429.19252371939 5466496.073013972
309429.45951517153 5466504.568819734
309429.72650662373 5466513.064625498
309429.99349807587 5466521.560431261
309430.26048952801 5466530.056237024
309430.41657745856 5466334.454816690
309430.68356891075 5466342.950622453
309430.95056036289 5466351.446428216
309431.21755181509 5466359.942233980
309431.48454326723 5466368.438039742
309431.75153471943 5466376.933845506
309432.01852617157 5466385.429651269
309432.28551762371 5466393.925457031
309432.55250907590 5466402.421262795
309432.81950052804 5466410.917068558
309433.08649198024 5466419.412874321
309433.35348343238 5466427.908680084
309433.62047488458 5466436.404485848
309433.88746633672 5466444.900291611
309434.15445778886 5466453.396097373
309434.42144924105 5466461.891903137
309434.68844069319 5466470.387708900
309434.95543214539 5466478.883514663
309435.22242359753 5466487.379320426
309435.48941504967 5466495.875126190
309435.75640650187 5466504.370931952
309436.02339795401 5466512.866737715
309436.29038940620 5466521.362543479
309436.55738085834 5466529.858349241
309436.71346878889 5466334.256928908
309436.98046024103 5466342.752734671
309437.24745169323 5466351.248540434
309437.51444314537 5466359.744346197
309437.78143459756 5466368.240151960
309438.04842604970 5466376.735957723
309438.31541750184 5466385.231763487
309438.58240895404 5466393.727569249
309438.84940040618 5466402.223375013
309439.11639185838 5466410.719180776
309439.38338331052 5466419.214986539
309439.65037476271 5466427.710792302
309439.91736621485 5466436.206598065
309440.18435766699 5466444.702403829
309440.45134911919 5466453.198209591
309440.71834057133 5466461.694015355
309440.98533202353 5466470.189821118
309441.25232347567 5466478.685626881
309441.51931492786 5466487.181432644
309441.78630638000 5466495.677238407
309442.05329783214 5466504.173044170
309442.32028928434 5466512.668849933
309442.58728073648 5466521.164655697
309442.85427218868 5466529.660461459
309443.01036011917 5466334.059041126
309443.27735157136 5466342.554846888
309443.54434302350 5466351.050652652
309443.81133447570 5466359.546458415
309444.07832592784 5466368.042264178
309444.34531738004 5466376.538069941
309444.61230883218 5466385.033875705
309444.87930028432 5466393.529681467
309445.14629173651 5466402.025487230
309445.41328318865 5466410.521292994
309445.68027464085 5466419.017098757
309445.94726609299 5466427.512904520
309446.21425754513 5466436.008710283
309446.48124899733 5466444.504516046
309446.74824044947 5466453.000321809
309447.01523190166 5466461.496127572
309447.28222335380 5466469.991933336
309447.54921480600 5466478.487739098
309447.81620625814 5466486.983544862
309448.08319771028 5466495.479350625
309448.35018916248 5466503.975156388
309448.61718061462 5466512.470962151
309448.88417206681 5466520.966767914
309449.15116351895 5466529.462573677
309449.30725144950 5466333.861153344
309449.57424290164 5466342.356959106
309449.84123435384 5466350.852764870
309450.10822580598 5466359.348570633
309450.37521725817 5466367.844376396
309450.64220871031 5466376.340182159
309450.90920016245 5466384.835987922
309451.17619161465 5466393.331793685
309451.44318306679 5466401.827599448
309451.71017451899 5466410.323405212
309451.97716597113 5466418.819210974
309452.24415742332 5466427.315016738
309452.51114887546 5466435.810822501
309452.77814032760 5466444.306628264
309453.04513177980 5466452.802434027
309453.31212323194 5466461.298239790
309453.57911468414 5466469.794045554
309453.84610613628 5466478.289851316
309454.11309758847 5466486.785657080
309454.38008904061 5466495.281462843
309454.64708049275 5466503.777268605
309454.91407194495 5466512.273074369
309455.18106339709 5466520.768880132
309455.44805484929 5466529.264685895
309455.60414277978 5466333.663265562
309455.87113423197 5466342.159071324
309456.13812568411 5466350.654877087
309456.40511713631 5466359.150682851
309456.67210858845 5466367.646488613
309456.93910004059 5466376.142294377
309457.20609149279 5466384.638100140
309457.47308294493 5466393.133905903
309457.74007439712 5466401.629711666
309458.00706584926 5466410.125517429
309458.27405730146 5466418.621323192
309458.54104875360 5466427.117128955
309458.80804020574 5466435.612934719
309459.07503165794 5466444.108740482
309459.34202311008 5466452.604546245
309459.60901456227 5466461.100352008
309459.87600601441 5466469.596157771
309460.14299746661 5466478.091963534
309460.40998891875 5466486.587769297
309460.67698037089 5466495.083575061
309460.94397182309 5466503.579380823
309461.21096327523 5466512.075186587
309461.47795472742 5466520.570992350
309461.74494617956 5466529.066798113
309461.90103411011 5466333.465377779
309462.16802556225 5466341.961183542
309462.43501701445 5466350.456989305
309462.70200846659 5466358.952795069
309462.96899991878 5466367.448600831
309463.23599137092 5466375.944406595
309463.50298282306 5466384.440212358
309463.76997427526 5466392.936018120
309464.03696572740 5466401.431823884
309464.30395717960 5466409.927629647
309464.57094863174 5466418.423435410
309464.83794008393 5466426.919241173
309465.10493153607 5466435.415046937
309465.37192298821 5466443.910852700
309465.63891444041 5466452.406658462
309465.90590589255 5466460.902464226
309466.17289734475 5466469.398269989
309466.43988879689 5466477.894075752
309466.70688024902 5466486.389881515
309466.97387170122 5466494.885687279
309467.24086315336 5466503.381493041
309467.50785460556 5466511.877298804
309467.77484605770 5466520.373104568
309468.04183750990 5466528.868910330
309468.19792544039 5466333.267489997
309468.46491689258 5466341.763295760
309468.73190834472 5466350.259101523
309468.99889979692 5466358.754907287
309469.26589124906 5466367.250713049
309469.53288270120 5466375.746518812
309469.79987415340 5466384.242324576
309470.06686560553 5466392.738130338
309470.33385705773 5466401.233936102
309470.60084850987 5466409.729741865
309470.86783996207 5466418.225547628
309471.13483141421 5466426.721353391
309471.40182286635 5466435.217159154
309471.66881431855 5466443.712964918
309471.93580577068 5466452.208770680
309472.20279722288 5466460.704576444
309472.46978867502 5466469.200382207
309472.73678012722 5466477.696187970
309473.00377157936 5466486.191993733
309473.27076303150 5466494.687799496
309473.53775448370 5466503.183605259
309473.80474593583 5466511.679411022
309474.07173738803 5466520.175216786
309474.33872884017 5466528.671022548
309474.49481677072 5466333.069602215
309474.76180822286 5466341.565407977
309475.02879967506 5466350.061213741
309475.29579112720 5466358.557019504
309475.56278257939 5466367.052825267
309475.82977403153 5466375.548631030
309476.09676548367 5466384.044436794
309476.36375693587 5466392.540242556
309476.63074838801 5466401.036048319
309476.89773984021 5466409.531854083
309477.16473129235 5466418.027659846
309477.43172274448 5466426.523465609
309477.69871419668 5466435.019271372
309477.96570564882 5466443.515077136
309478.23269710102 5466452.010882898
309478.49968855316 5466460.506688661
309478.76668000536 5466469.002494425
309479.03367145750 5466477.498300187
309479.30066290963 5466485.994105951
309479.56765436183 5466494.489911714
309479.83464581397 5466502.985717477
309480.10163726617 5466511.481523240
309480.36862871831 5466519.977329003
309480.63562017051 5466528.473134766
309480.79170810099 5466332.871714433
309481.05869955319 5466341.367520195
309481.32569100533 5466349.863325959
309481.59268245753 5466358.359131722
309481.85967390967 5466366.854937485
309482.12666536181 5466375.350743248
309482.66064826614 5466392.342354774
309482.92763971834 5466400.838160537
309483.19463117048 5466409.333966301
309483.46162262268 5466417.829772064
309483.72861407482 5466426.325577827
309483.99560552696 5466434.821383590
309484.26259697916 5466443.317189353
309484.52958843129 5466451.812995116
309484.79657988349 5466460.308800879
309485.06357133563 5466468.804606643
309485.59755423997 5466485.796218169
309485.86454569211 5466494.292023932
309486.13153714431 5466502.787829694
309486.39852859644 5466511.283635458
309486.66552004864 5466519.779441221
309486.93251150078 5466528.275246984
309487.08859943133 5466332.673826651
309487.35559088347 5466341.169632413
309487.62258233567 5466349.665438176
309487.88957378780 5466358.161243940
309488.15656523994 5466366.657049702
309488.42355669214 5466375.152855466
309488.69054814428 5466383.648661229
309488.95753959648 5466392.144466992
309489.22453104862 5466400.640272755
309489.49152250082 5466409.136078518
309489.75851395295 5466417.631884282
309490.02550540509 5466426.127690044
309490.29249685729 5466434.623495808
309490.55948830943 5466443.119301571
309490.82647976163 5466451.615107334
309491.09347121377 5466460.110913097
309491.36046266597 5466468.606718861
309491.62745411810 5466477.102524623
309491.89444557024 5466485.598330386
309492.16143702244 5466494.094136150
309492.42842847458 5466502.589941912
309492.69541992678 5466511.085747676
309492.96241137892 5466519.581553439
309493.22940283112 5466528.077359202
309493.38549076160 5466332.475938868
309493.65248221380 5466340.971744631
309493.91947366594 5466349.467550394
309494.18646511814 5466357.963356158
309494.45345657028 5466366.459161920
309494.72044802242 5466374.954967684
309494.98743947461 5466383.450773447
309495.25443092675 5466391.946579210
309495.52142237895 5466400.442384973
309495.78841383109 5466408.938190736
309496.05540528329 5466417.433996500
309496.32239673543 5466425.929802262
309496.58938818757 5466434.425608026
309496.85637963976 5466442.921413789
309497.12337109190 5466451.417219551
309497.39036254410 5466459.913025315
309497.65735399624 5466468.408831078
309497.92434544844 5466476.904636841
309498.19133690058 5466485.400442604
309498.45832835272 5466493.896248368
309498.72531980491 5466502.392054130
309498.99231125705 5466510.887859893
309499.25930270925 5466519.383665657
309499.52629416139 5466527.879471419
309499.68238209194 5466332.278051086
309499.94937354408 5466340.773856849
309500.21636499627 5466349.269662612
309500.48335644841 5466357.765468376
309500.75034790055 5466366.261274138
309501.01733935275 5466374.757079901
309501.28433080489 5466383.252885665
309501.55132225709 5466391.748691428
309501.81831370923 5466400.244497191
309502.08530516142 5466408.740302954
309502.35229661356 5466417.236108718
309502.61928806570 5466425.731914480
309502.88627951790 5466434.227720243
309503.15327097004 5466442.723526007
309503.42026242224 5466451.219331769
309503.68725387438 5466459.715137533
309503.95424532657 5466468.210943296
309504.22123677871 5466476.706749059
309504.48822823085 5466485.202554822
309504.75521968305 5466493.698360585
309505.02221113519 5466502.194166348
309505.28920258739 5466510.689972111
309505.55619403953 5466519.185777875
309505.82318549172 5466527.681583637
309505.97927342221 5466332.080163304
309506.24626487441 5466340.575969066
309506.51325632655 5466349.071774830
309506.78024777875 5466357.567580593
309507.04723923089 5466366.063386356
309507.31423068303 5466374.559192119
309507.58122213522 5466383.054997883
309507.84821358736 5466391.550803646
309508.11520503956 5466400.046609408
309508.38219649170 5466408.542415172
309508.64918794390 5466417.038220935
309508.91617939604 5466425.534026698
309509.18317084818 5466434.029832461
309509.45016230037 5466442.525638225
309509.71715375251 5466451.021443987
309509.98414520471 5466459.517249750
309510.25113665685 5466468.013055514
309510.51812810899 5466476.508861276
309510.78511956119 5466485.004667040
309511.05211101333 5466493.500472803
309511.31910246552 5466501.996278566
309511.58609391766 5466510.492084329
309511.85308536986 5466518.987890092
309512.12007682200 5466527.483695855
309512.27616475255 5466331.882275522
309512.54315620469 5466340.378081284
309512.81014765688 5466348.873887048
309513.07713910902 5466357.369692811
309513.34413056116 5466365.865498574
309513.61112201336 5466374.361304337
309513.87811346550 5466382.857110100
309514.14510491770 5466391.352915864
309514.41209636984 5466399.848721626
309514.67908782203 5466408.344527390
309514.94607927417 5466416.840333153
309515.21307072631 5466425.336138916
309515.48006217851 5466433.831944679
309515.74705363065 5466442.327750442
309516.01404508285 5466450.823556205
309516.28103653499 5466459.319361968
309516.54802798718 5466467.815167732
309516.81501943932 5466476.310973494
309517.08201089146 5466484.806779258
309517.34900234366 5466493.302585021
309517.61599379580 5466501.798390783
309517.88298524800 5466510.294196547
309518.14997670014 5466518.790002310
309518.41696815233 5466527.285808073
309518.57305608282 5466331.684387740
309518.84004753502 5466340.180193502
309519.10703898716 5466348.675999265
309519.37403043936 5466357.171805029
309519.64102189150 5466365.667610792
309519.90801334364 5466374.163416555
309520.17500479583 5466382.659222318
309520.44199624797 5466391.155028081
309520.70898770017 5466399.650833844
309520.97597915231 5466408.146639607
309521.24297060445 5466416.642445371
309521.50996205665 5466425.138251133
309521.77695350879 5466433.634056897
309522.04394496098 5466442.129862660
309522.31093641312 5466450.625668423
309522.57792786532 5466459.121474186
309522.84491931746 5466467.617279950
309523.11191076960 5466476.113085712
309523.37890222180 5466484.608891475
309523.64589367394 5466493.104697239
309523.91288512613 5466501.600503001
309524.17987657827 5466510.096308765
309524.44686803047 5466518.592114528
309524.71385948261 5466527.087920291
309524.86994741316 5466331.486499957
309525.13693886530 5466339.982305720
309525.40393031749 5466348.478111483
309525.67092176963 5466356.973917247
309525.93791322177 5466365.469723010
309526.20490467397 5466373.965528773
309526.47189612611 5466382.461334536
309526.73888757831 5466390.957140299
309527.00587903045 5466399.452946062
309527.27287048264 5466407.948751825
309527.53986193478 5466416.444557589
309527.80685338692 5466424.940363351
309528.07384483912 5466433.436169115
309528.34083629126 5466441.931974878
309528.60782774346 5466450.427780640
309528.87481919560 5466458.923586404
309529.14181064779 5466467.419392167
309529.40880209993 5466475.915197930
309529.67579355207 5466484.411003693
309529.94278500427 5466492.906809457
309530.20977645641 5466501.402615219
309530.47676790861 5466509.898420982
309530.74375936075 5466518.394226746
309531.01075081294 5466526.890032508
309531.16683874343 5466331.288612175
309531.43383019563 5466339.784417938
309531.70082164777 5466348.280223701
309531.96781309991 5466356.776029465
309532.23480455211 5466365.271835227
309532.50179600425 5466373.767640990
309532.76878745644 5466382.263446754
309533.03577890858 5466390.759252517
309533.30277036078 5466399.255058280
309533.56976181292 5466407.750864043
309533.83675326506 5466416.246669807
309534.10374471726 5466424.742475569
309534.37073616940 5466433.238281332
309534.63772762159 5466441.734087096
309534.90471907373 5466450.229892858
309535.17171052593 5466458.725698622
309535.43870197807 5466467.221504385
309535.70569343021 5466475.717310148
309535.97268488241 5466484.213115911
309536.23967633455 5466492.708921674
309536.50666778674 5466501.204727437
309536.77365923888 5466509.700533200
309537.04065069108 5466518.196338964
309537.30764214322 5466526.692144726
309537.46373007372 5466331.090724393
309537.73072152591 5466339.586530156
309537.99771297810 5466348.082335919
309538.26470443024 5466356.578141682
309538.53169588238 5466365.073947445
309538.79868733458 5466373.569753208
309539.06567878672 5466382.065558972
309539.33267023892 5466390.561364735
309539.59966169106 5466399.057170497
309539.86665314325 5466407.552976261
309540.13364459539 5466416.048782024
309540.40063604753 5466424.544587787
309540.66762749973 5466433.040393550
309540.93461895187 5466441.536199314
309541.20161040407 5466450.032005076
309541.46860185621 5466458.527810839
309541.73559330840 5466467.023616603
309542.00258476054 5466475.519422365
309542.26957621268 5466484.015228129
309542.53656766488 5466492.511033892
309542.80355911702 5466501.006839655
309543.07055056922 5466509.502645418
309543.33754202136 5466517.998451181
309543.60453347350 5466526.494256944
309545.36257011705 5466381.867671189
309545.62956156919 5466390.363476953
309545.89655302139 5466398.859282715
309546.16354447353 5466407.355088479
309546.43053592567 5466415.850894242
309546.69752737787 5466424.346700005
309546.96451883001 5466432.842505768
309547.23151028220 5466441.338311531
309547.49850173434 5466449.834117294
309547.76549318654 5466458.329923057
309548.03248463868 5466466.825728821
309548.29947609082 5466475.321534583
309548.56646754302 5466483.817340347
309548.83345899516 5466492.313146110
309549.10045044735 5466500.808951872
309549.36744189949 5466509.304757636
309549.63443335169 5466517.800563399
309549.90142480383 5466526.296369162
309551.92645289953 5466390.165589171
309552.19344435167 5466398.661394933
309552.46043580386 5466407.157200697
309552.72742725600 5466415.653006460
309552.99441870814 5466424.148812222
309553.26141016034 5466432.644617986
309553.52840161248 5466441.140423749
309553.79539306468 5466449.636229512
309554.06238451682 5466458.132035275
309554.32937596895 5466466.627841039
309554.59636742115 5466475.123646801
309554.86335887329 5466483.619452564
309555.13035032549 5466492.115258328
309555.39734177763 5466500.611064090
309555.66433322983 5466509.106869854
309555.93132468197 5466517.602675617
309556.19831613411 5466526.098481380
